[gd_scene format=3 uid="uid://dumgnjj1m80d0"]

[ext_resource type="PackedScene" uid="uid://cy4o15k7ows4u" path="res://character.tscn" id="30_adlbx"]

[sub_resource type="PlaneMesh" id="PlaneMesh_bn0p3"]

[sub_resource type="ProceduralSkyMaterial" id="ProceduralSkyMaterial_bn0p3"]
sky_top_color = Color(0.23921569, 0.45490196, 0.6745098, 1)
sky_curve = 0.1552897

[sub_resource type="Sky" id="Sky_erra4"]
sky_material = SubResource("ProceduralSkyMaterial_bn0p3")

[sub_resource type="Environment" id="Environment_6wvo2"]
background_mode = 2
sky = SubResource("Sky_erra4")

[node name="Node3D" type="Node3D" unique_id=1653024157]
process_mode = 3
transform = Transform3D(0.59919125, 0, -0.8006059, 0, 1, 0, 0.8006059, 0, 0.59919125, 0, 0, 0)

[node name="MeshInstance3D" type="MeshInstance3D" parent="." unique_id=1731364170]
transform = Transform3D(0.5826621, 0, 0.81271434, 0, 1, 0, -0.81271434, 0, 0.5826621, 0.02682387, -0.00847289, 0.042426903)
mesh = SubResource("PlaneMesh_bn0p3")

[node name="WorldEnvironment" type="WorldEnvironment" parent="." unique_id=1208943157]
environment = SubResource("Environment_6wvo2")

[node name="Camera3D" type="Camera3D" parent="." unique_id=138927945]
transform = Transform3D(0.80344146, 0, -0.5953837, 0, 1, 0, 0.5953837, 0, 0.80344146, -0.979572, 0.38079378, 1.2606238)
current = true
fov = 45.0

[node name="CharacterBody3D" parent="." unique_id=201702736 instance=ExtResource("30_adlbx")]
transform = Transform3D(0.019119412, 0, -0.1487765, 0, 0.14999999, 0, 0.1487765, 0, 0.019119412, 0, 0, 0)

[node name="MAsked Gli" parent="CharacterBody3D" index="1" unique_id=1915688629]
transform = Transform3D(0.30951378, 0, 0.3197283, 0, 0.445, 0, -0.3197283, 0, 0.30951378, 0, 0, 0)

[node name="Skeleton" parent="CharacterBody3D/MAsked Gli/Armature" parent_id_path=PackedInt32Array(201702736, 1424227123) index="0" unique_id=311386290]
bones/0/position = Vector3(-0.013579376, 5.568935, 0.009823829)
bones/0/rotation = Quaternion(-0.026588378, -0.0013599106, -0.010585135, 0.9995895)
bones/1/rotation = Quaternion(0.013826033, -0.0023302173, 0.0009421809, 0.9999013)
bones/2/rotation = Quaternion(0.013565359, -0.01841496, 0.0020241078, 0.99973637)
bones/3/rotation = Quaternion(0.013489633, -0.018367512, 0.0023989556, 0.99973744)
bones/4/rotation = Quaternion(-0.002688679, 0.00803271, -0.012363933, 0.9998877)
bones/5/rotation = Quaternion(0.0373536, -0.014926055, 0.034164976, 0.9986064)
bones/8/rotation = Quaternion(0.4754961, 0.5152723, 0.42969525, -0.56899905)
bones/9/rotation = Quaternion(0.18288286, 0.9513588, -0.24074739, -0.059254512)
bones/10/rotation = Quaternion(0.054307647, -0.8464297, 0.17600697, 0.49962902)
bones/11/rotation = Quaternion(0.046228614, 0.7718109, -0.08546929, 0.6283836)
bones/13/rotation = Quaternion(0.43671358, -0.5524055, -0.46482718, -0.53671706)
bones/14/rotation = Quaternion(-0.1807679, 0.95458996, -0.23439395, 0.03377217)
bones/15/rotation = Quaternion(0.057518568, 0.8492967, -0.17895561, 0.49331704)
bones/16/rotation = Quaternion(-0.029321572, -0.7629688, 0.04798857, 0.64398456)
bones/18/rotation = Quaternion(0.04328848, 0.07063881, 0.9964386, 0.015700556)
bones/19/rotation = Quaternion(-0.029092435, 0.97165275, -0.21423213, 0.095651604)
bones/20/rotation = Quaternion(0.03409384, 0.6130407, -0.7880482, 0.04471003)
bones/21/rotation = Quaternion(7.191306e-07, 0.9999994, 0.0011231601, -5.3473815e-07)
bones/24/rotation = Quaternion(-0.102056146, 0.06427208, 0.9926921, -0.00402823)
bones/25/rotation = Quaternion(0.02236867, 0.98185384, -0.1790689, -0.05828411)
bones/26/rotation = Quaternion(-0.0039489125, 0.6422633, -0.76586515, -0.030544747)
bones/27/rotation = Quaternion(-7.006913e-07, 1, -3.2782555e-07, 3.9512668e-07)

[node name="Hair_012" parent="CharacterBody3D/MAsked Gli/Armature/Skeleton" index="0" unique_id=1287714080]
transform = Transform3D(0.9946318, -0.04112623, -0.0949543, 0.031880386, 0.99478203, -0.096913815, 0.09844455, 0.093366385, 0.9907529, 0.0400483, 8.891133, 0.06900609)

[node name="Hair_013" parent="CharacterBody3D/MAsked Gli/Armature/Skeleton" index="1" unique_id=873901604]
transform = Transform3D(0.9946318, -0.04112623, -0.0949543, 0.031880386, 0.99478203, -0.096913815, 0.09844455, 0.093366385, 0.9907529, 0.0400483, 8.891133, 0.06900609)

[node name="Hair_014" parent="CharacterBody3D/MAsked Gli/Armature/Skeleton" index="2" unique_id=476379738]
transform = Transform3D(0.9946318, -0.04112623, -0.0949543, 0.031880386, 0.99478203, -0.096913815, 0.09844455, 0.093366385, 0.9907529, 0.0400483, 8.891133, 0.06900609)

[node name="Hair_015" parent="CharacterBody3D/MAsked Gli/Armature/Skeleton" index="3" unique_id=1497028541]
transform = Transform3D(0.9946318, -0.04112623, -0.0949543, 0.031880386, 0.99478203, -0.096913815, 0.09844455, 0.093366385, 0.9907529, 0.0400483, 8.891133, 0.06900609)

[node name="Hair_016" parent="CharacterBody3D/MAsked Gli/Armature/Skeleton" index="4" unique_id=2050593926]
transform = Transform3D(0.9946318, -0.04112623, -0.0949543, 0.031880386, 0.99478203, -0.096913815, 0.09844455, 0.093366385, 0.9907529, 0.0400483, 8.891133, 0.06900609)

[node name="Hair_017" parent="CharacterBody3D/MAsked Gli/Armature/Skeleton" index="5" unique_id=524858109]
transform = Transform3D(0.9946318, -0.04112623, -0.0949543, 0.031880386, 0.99478203, -0.096913815, 0.09844455, 0.093366385, 0.9907529, 0.0400483, 8.891133, 0.06900609)

[node name="Hair_018" parent="CharacterBody3D/MAsked Gli/Armature/Skeleton" index="6" unique_id=1687165182]
transform = Transform3D(0.9946318, -0.04112623, -0.0949543, 0.031880386, 0.99478203, -0.096913815, 0.09844455, 0.093366385, 0.9907529, 0.0400483, 8.891133, 0.06900609)

[node name="Hair_019" parent="CharacterBody3D/MAsked Gli/Armature/Skeleton" index="7" unique_id=1727726647]
transform = Transform3D(0.9946318, -0.04112623, -0.0949543, 0.031880386, 0.99478203, -0.096913815, 0.09844455, 0.093366385, 0.9907529, 0.0400483, 8.891133, 0.06900609)

[node name="Hair_020" parent="CharacterBody3D/MAsked Gli/Armature/Skeleton" index="8" unique_id=25484365]
transform = Transform3D(0.9946318, -0.04112623, -0.0949543, 0.031880386, 0.99478203, -0.096913815, 0.09844455, 0.093366385, 0.9907529, 0.0400483, 8.891133, 0.06900609)

[node name="Hair_021" parent="CharacterBody3D/MAsked Gli/Armature/Skeleton" index="9" unique_id=1073871996]
transform = Transform3D(0.9946318, -0.04112623, -0.0949543, 0.031880386, 0.99478203, -0.096913815, 0.09844455, 0.093366385, 0.9907529, 0.0400483, 8.891133, 0.06900609)

[node name="Hair_022" parent="CharacterBody3D/MAsked Gli/Armature/Skeleton" index="10" unique_id=1561061912]
transform = Transform3D(0.9946318, -0.04112623, -0.0949543, 0.031880386, 0.99478203, -0.096913815, 0.09844455, 0.093366385, 0.9907529, 0.0400483, 8.891133, 0.06900609)

[node name="Hair_023" parent="CharacterBody3D/MAsked Gli/Armature/Skeleton" index="11" unique_id=1993777387]
transform = Transform3D(0.9946318, -0.04112623, -0.0949543, 0.031880386, 0.99478203, -0.096913815, 0.09844455, 0.093366385, 0.9907529, 0.0400483, 8.891133, 0.06900609)

[node name="Hair_024" parent="CharacterBody3D/MAsked Gli/Armature/Skeleton" index="12" unique_id=232467729]
transform = Transform3D(0.9946318, -0.04112623, -0.0949543, 0.031880386, 0.99478203, -0.096913815, 0.09844455, 0.093366385, 0.9907529, 0.0400483, 8.891133, 0.06900609)

[node name="Hair_025" parent="CharacterBody3D/MAsked Gli/Armature/Skeleton" index="13" unique_id=1273808181]
transform = Transform3D(0.9946318, -0.04112623, -0.0949543, 0.031880386, 0.99478203, -0.096913815, 0.09844455, 0.093366385, 0.9907529, 0.0400483, 8.891133, 0.06900609)

[node name="Hair_026" parent="CharacterBody3D/MAsked Gli/Armature/Skeleton" index="14" unique_id=724191067]
transform = Transform3D(0.9946318, -0.04112623, -0.0949543, 0.031880386, 0.99478203, -0.096913815, 0.09844455, 0.093366385, 0.9907529, 0.0400483, 8.891133, 0.06900609)

[node name="Hair_027" parent="CharacterBody3D/MAsked Gli/Armature/Skeleton" index="15" unique_id=1791855920]
transform = Transform3D(0.9946318, -0.04112623, -0.0949543, 0.031880386, 0.99478203, -0.096913815, 0.09844455, 0.093366385, 0.9907529, 0.0400483, 8.891133, 0.06900609)

[node name="Hair_028" parent="CharacterBody3D/MAsked Gli/Armature/Skeleton" index="16" unique_id=752217555]
transform = Transform3D(0.9946318, -0.04112623, -0.0949543, 0.031880386, 0.99478203, -0.096913815, 0.09844455, 0.093366385, 0.9907529, 0.0400483, 8.891133, 0.06900609)

[node name="Hair_029" parent="CharacterBody3D/MAsked Gli/Armature/Skeleton" index="17" unique_id=1986281236]
transform = Transform3D(0.9946318, -0.04112623, -0.0949543, 0.031880386, 0.99478203, -0.096913815, 0.09844455, 0.093366385, 0.9907529, 0.0400483, 8.891133, 0.06900609)

[node name="Hair_030" parent="CharacterBody3D/MAsked Gli/Armature/Skeleton" index="18" unique_id=532791653]
transform = Transform3D(0.9946318, -0.04112623, -0.0949543, 0.031880386, 0.99478203, -0.096913815, 0.09844455, 0.093366385, 0.9907529, 0.0400483, 8.891133, 0.06900609)

[node name="Hair_031" parent="CharacterBody3D/MAsked Gli/Armature/Skeleton" index="19" unique_id=274816526]
transform = Transform3D(0.9946318, -0.04112623, -0.0949543, 0.031880386, 0.99478203, -0.096913815, 0.09844455, 0.093366385, 0.9907529, 0.0400483, 8.891133, 0.06900609)

[node name="Hair_032" parent="CharacterBody3D/MAsked Gli/Armature/Skeleton" index="20" unique_id=138949315]
transform = Transform3D(0.9946318, -0.04112623, -0.0949543, 0.031880386, 0.99478203, -0.096913815, 0.09844455, 0.093366385, 0.9907529, 0.0400483, 8.891133, 0.06900609)

[node name="Hair_033" parent="CharacterBody3D/MAsked Gli/Armature/Skeleton" index="21" unique_id=765586267]
transform = Transform3D(0.9946318, -0.04112623, -0.0949543, 0.031880386, 0.99478203, -0.096913815, 0.09844455, 0.093366385, 0.9907529, 0.0400483, 8.891133, 0.06900609)

[node name="Hair_034" parent="CharacterBody3D/MAsked Gli/Armature/Skeleton" index="22" unique_id=1974956672]
transform = Transform3D(0.9946318, -0.04112623, -0.0949543, 0.031880386, 0.99478203, -0.096913815, 0.09844455, 0.093366385, 0.9907529, 0.0400483, 8.891133, 0.06900609)

[node name="Icosphere" parent="CharacterBody3D/MAsked Gli/Armature/Skeleton" index="23" unique_id=257716365]
transform = Transform3D(0.9946318, -0.04112623, -0.0949543, 0.031880386, 0.99478203, -0.096913815, 0.09844455, 0.093366385, 0.9907529, 0.0400483, 8.891133, 0.06900609)

[node name="RightArmGraft" parent="CharacterBody3D/MAsked Gli/Armature/Skeleton" index="46" unique_id=1562468153]
transform = Transform3D(-0.31476313, -0.8225261, 0.47368234, 0.88460255, -0.0732934, 0.46055007, -0.3440966, 0.5639849, 0.7506786, -1.7776465, 6.868482, -0.11721796)

[node name="LeftLegGraft" parent="CharacterBody3D/MAsked Gli/Armature/Skeleton" index="47" unique_id=1148643271]
transform = Transform3D(-0.9949195, -0.04648579, 0.08930069, 0.062813655, -0.97981656, 0.18977432, 0.07867648, 0.19441947, 0.97775817, 0.6642251, 5.2489595, 0.036587037)

[node name="ViolinPlace" parent="CharacterBody3D/MAsked Gli/Armature/Skeleton" index="48" unique_id=329092666]
transform = Transform3D(0.9966322, 0.007973359, -0.08161284, -0.010239314, 0.9995725, -0.027383892, 0.081359625, 0.028127326, 0.9962878, 0.02226448, 7.4976974, -0.09008293)

[editable path="CharacterBody3D"]
[editable path="CharacterBody3D/MAsked Gli/Armature/Skeleton/ViolinPlace/Violin 1"]
