[gd_scene format=3 uid="uid://dumgnjj1m80d0"]

[ext_resource type="PackedScene" uid="uid://cy4o15k7ows4u" path="res://character.tscn" id="30_adlbx"]

[sub_resource type="PlaneMesh" id="PlaneMesh_bn0p3"]

[sub_resource type="ProceduralSkyMaterial" id="ProceduralSkyMaterial_bn0p3"]
sky_top_color = Color(0.23921569, 0.45490196, 0.6745098, 1)
sky_curve = 0.1552897

[sub_resource type="Sky" id="Sky_erra4"]
sky_material = SubResource("ProceduralSkyMaterial_bn0p3")

[sub_resource type="Environment" id="Environment_6wvo2"]
background_mode = 2
background_energy_multiplier = 0.0
sky = SubResource("Sky_erra4")
volumetric_fog_enabled = true
volumetric_fog_density = 0.01

[node name="Node3D" type="Node3D" unique_id=1653024157]
process_mode = 3
transform = Transform3D(0.59919125, 0, -0.8006059, 0, 1, 0, 0.8006059, 0, 0.59919125, 0, 0, 0)

[node name="MeshInstance3D" type="MeshInstance3D" parent="." unique_id=1731364170]
transform = Transform3D(1.8586923, 0, 2.592559, 0, 3.19, 0, -2.592559, 0, 1.8586923, 0.02682387, -0.00847289, 0.042426903)
mesh = SubResource("PlaneMesh_bn0p3")

[node name="WorldEnvironment" type="WorldEnvironment" parent="." unique_id=1208943157]
environment = SubResource("Environment_6wvo2")

[node name="CharacterBody3D" parent="." unique_id=201702736 instance=ExtResource("30_adlbx")]
transform = Transform3D(0.019119412, 0, -0.1487765, 0, 0.14999999, 0, 0.1487765, 0, 0.019119412, 0, 0, 0)

[node name="DirectionalLight3D" type="DirectionalLight3D" parent="." unique_id=1638848904]
transform = Transform3D(0.99720967, -0.032250762, 0.067325145, -0.011612493, 0.8238691, 0.56666124, -0.07374245, -0.5658618, 0.82119584, 0.04202938, 1.0950352, 3.2204442)

[node name="DirectionalLight3D2" type="DirectionalLight3D" parent="." unique_id=1753900982]
transform = Transform3D(-0.22218469, -0.55465853, 0.8018652, -0.011612505, 0.8238691, 0.5666611, -0.9749354, 0.11659175, -0.18949208, 1.7863791, 1.0950352, -0.76719314)

[editable path="CharacterBody3D"]
