[gd_scene format=3 uid="uid://caa206tiuvujl"]

[ext_resource type="PackedScene" uid="uid://cy4o15k7ows4u" path="res://character.tscn" id="1_h510c"]
[ext_resource type="Script" uid="uid://chd4v2dchvucb" path="res://scripts/CameraManager.gd" id="1_v6na3"]
[ext_resource type="Material" uid="uid://cg4gs15tqn333" path="res://Textures/Cobblestone Texture/PavingStones150_2K-JPG.tres" id="2_p2ddc"]
[ext_resource type="Script" uid="uid://6iauadqfys57" path="res://scripts/character.gd" id="2_tpdbc"]
[ext_resource type="PackedScene" uid="uid://cc7rdfj4o8qop" path="res://gate.tscn" id="3_tpdbc"]
[ext_resource type="Texture2D" uid="uid://i8gbbanx051j" path="res://Textures/Metal Texture/Metal061B_1K-JPG_Color.jpg" id="4_pkn1g"]
[ext_resource type="ArrayMesh" uid="uid://bdhnp1u6wvsac" path="res://meshes/Gli Mesh 1/Shin Guard R.tres" id="4_rdw12"]
[ext_resource type="PackedScene" uid="uid://dyyex5sxricmd" path="res://camera_switch.tscn" id="5_5ofox"]
[ext_resource type="Texture2D" uid="uid://x1v5ta3rhyiv" path="res://Textures/Metal Texture/Metal061B_1K-JPG_Metalness.jpg" id="5_p2ddc"]
[ext_resource type="Script" uid="uid://b6eyd3wj6fu6d" path="res://states/statemachine.gd" id="5_u8cg8"]
[ext_resource type="Texture2D" uid="uid://beuamqsbnu405" path="res://Textures/Metal Texture/Metal061B_1K-JPG_NormalGL.jpg" id="6_3qlte"]
[ext_resource type="Texture2D" uid="uid://bixdkk52hjtpk" path="res://images/NightEnvironmentHDRI009_8K_TONEMAPPED.jpg" id="6_6aibh"]
[ext_resource type="Script" uid="uid://bwlepq4swweko" path="res://states/idle_state.gd" id="6_ecyt6"]
[ext_resource type="PackedScene" uid="uid://b6cogfpad2l2y" path="res://npc.tscn" id="6_v6na3"]
[ext_resource type="Texture2D" uid="uid://w6pbcn4rerfq" path="res://Textures/Metal Texture/Metal061B_1K-JPG_Roughness.jpg" id="7_3w14h"]
[ext_resource type="PackedScene" uid="uid://btbbvoxdixc6u" path="res://interactprompt.tscn" id="7_aemyc"]
[ext_resource type="Script" uid="uid://bxuwdx87nuwsm" path="res://states/move_state.gd" id="7_q5bly"]
[ext_resource type="Script" uid="uid://c7wgluufenq2k" path="res://prompt_manager.gd" id="8_llqyr"]
[ext_resource type="Script" uid="uid://bsvbxxmkshgvi" path="res://scripts/dialogue_manager.gd" id="8_rpvj6"]
[ext_resource type="Script" uid="uid://blw1v4enclq7g" path="res://states/jump_state.gd" id="8_vb42h"]
[ext_resource type="PackedScene" uid="uid://bcv71xsvoofkr" path="res://dial_box.tscn" id="9_ldbg2"]
[ext_resource type="Script" uid="uid://brs8yqwgni5t4" path="res://states/fall_state.gd" id="9_rvbf0"]
[ext_resource type="Script" uid="uid://dr88cobc5dqk4" path="res://scene_switcher.gd" id="18_3qlte"]
[ext_resource type="Script" uid="uid://cpqkhodv6kdhs" path="res://scripts/inventory_ui.gd" id="24_ecyt6"]

[sub_resource type="BoxShape3D" id="BoxShape3D_6aibh"]
size = Vector3(5, 0.05, 5.0010996)

[sub_resource type="BoxMesh" id="BoxMesh_0dcuh"]
material = ExtResource("2_p2ddc")
size = Vector3(5, 0.05, 5)

[sub_resource type="BoxShape3D" id="BoxShape3D_ldbg2"]
size = Vector3(5, 0.05, 5.003685)

[sub_resource type="BoxShape3D" id="BoxShape3D_m4gng"]
size = Vector3(5, 0.05, 1)

[sub_resource type="BoxShape3D" id="BoxShape3D_5ofox"]
size = Vector3(4.8234863, 0.8737793, 0.025390625)

[sub_resource type="BoxShape3D" id="BoxShape3D_v6na3"]
size = Vector3(1.9360962, 0.8737793, 0.025390625)

[sub_resource type="BoxShape3D" id="BoxShape3D_aemyc"]
size = Vector3(1.9038696, 0.8737793, 0.025390625)

[sub_resource type="StandardMaterial3D" id="StandardMaterial3D_ixbh1"]
resource_name = "Metal061B"
vertex_color_use_as_albedo = true
albedo_color = Color(0.9063318, 0.9063318, 0.9063318, 1)
albedo_texture = ExtResource("4_pkn1g")
metallic = 1.0
metallic_texture = ExtResource("5_p2ddc")
roughness_texture = ExtResource("7_3w14h")
emission_enabled = true
emission = Color(1, 1, 1, 1)
emission_energy_multiplier = 0.0
normal_enabled = true
normal_scale = 0.0
normal_texture = ExtResource("6_3qlte")

[sub_resource type="AnimationNodeAnimation" id="AnimationNodeAnimation_go3uk"]
animation = &"Idle Straight"

[sub_resource type="AnimationNodeAnimation" id="AnimationNodeAnimation_wdpcj"]
animation = &"Idle"
advance_on_start = true

[sub_resource type="AnimationNodeAnimation" id="AnimationNodeAnimation_qi5as"]
animation = &"Walk2"
advance_on_start = true

[sub_resource type="AnimationNodeStateMachineTransition" id="AnimationNodeStateMachineTransition_jb3kq"]
advance_mode = 2

[sub_resource type="AnimationNodeStateMachineTransition" id="AnimationNodeStateMachineTransition_c1b4b"]
xfade_time = 0.2
switch_mode = 1

[sub_resource type="AnimationNodeStateMachineTransition" id="AnimationNodeStateMachineTransition_7tnxx"]
xfade_time = 0.2

[sub_resource type="AnimationNodeStateMachineTransition" id="AnimationNodeStateMachineTransition_lyohd"]
advance_condition = &"if"

[sub_resource type="AnimationNodeStateMachineTransition" id="AnimationNodeStateMachineTransition_2ia7u"]

[sub_resource type="AnimationNodeStateMachineTransition" id="AnimationNodeStateMachineTransition_0fer6"]

[sub_resource type="AnimationNodeStateMachineTransition" id="AnimationNodeStateMachineTransition_aeagw"]

[sub_resource type="AnimationNodeStateMachine" id="AnimationNodeStateMachine_u8cg8"]
states/Idle/node = SubResource("AnimationNodeAnimation_wdpcj")
states/Idle/position = Vector2(339.33337, 100.44444)
"states/Idle Pause/node" = SubResource("AnimationNodeAnimation_go3uk")
"states/Idle Pause/position" = Vector2(485.3333, 241.33333)
states/Walk/node = SubResource("AnimationNodeAnimation_qi5as")
states/Walk/position = Vector2(686.6667, 122.666664)
transitions = ["Start", "Idle", SubResource("AnimationNodeStateMachineTransition_jb3kq"), "Idle", "Walk", SubResource("AnimationNodeStateMachineTransition_c1b4b"), "Walk", "Idle", SubResource("AnimationNodeStateMachineTransition_7tnxx"), "Idle", "Idle Pause", SubResource("AnimationNodeStateMachineTransition_lyohd"), "Idle Pause", "Idle", SubResource("AnimationNodeStateMachineTransition_2ia7u"), "Idle Pause", "Walk", SubResource("AnimationNodeStateMachineTransition_0fer6"), "Walk", "Idle Pause", SubResource("AnimationNodeStateMachineTransition_aeagw")]
graph_offset = Vector2(68, 52)

[sub_resource type="PanoramaSkyMaterial" id="PanoramaSkyMaterial_rdw12"]
panorama = ExtResource("6_6aibh")

[sub_resource type="Sky" id="Sky_v6na3"]
sky_material = SubResource("PanoramaSkyMaterial_rdw12")

[sub_resource type="Environment" id="Environment_5ofox"]
background_mode = 2
sky = SubResource("Sky_v6na3")
volumetric_fog_density = 0.01

[sub_resource type="CameraAttributesPractical" id="CameraAttributesPractical_v6na3"]

[sub_resource type="Compositor" id="Compositor_aemyc"]

[sub_resource type="BoxShape3D" id="BoxShape3D_llqyr"]
size = Vector3(6.5964355, 1, 4.4262695)

[sub_resource type="BoxShape3D" id="BoxShape3D_rpvj6"]
size = Vector3(9.52002, 1, 4.0913086)

[sub_resource type="BoxShape3D" id="BoxShape3D_tpdbc"]
size = Vector3(5, 0.05, 2.5141659)

[sub_resource type="Animation" id="Animation_v6na3"]
length = 0.001
tracks/0/type = "bezier"
tracks/0/imported = false
tracks/0/enabled = true
tracks/0/path = NodePath(".:position:y")
tracks/0/interp = 1
tracks/0/loop_wrap = true
tracks/0/keys = {
"handle_modes": PackedInt32Array(0),
"points": PackedFloat32Array(0, -0.25, 0, 0.25, 0),
"times": PackedFloat32Array(0)
}

[sub_resource type="Animation" id="Animation_aemyc"]
resource_name = "new_animation"
length = 2.0
loop_mode = 1
tracks/0/type = "bezier"
tracks/0/imported = false
tracks/0/enabled = false
tracks/0/path = NodePath(".:position:x")
tracks/0/interp = 1
tracks/0/loop_wrap = true
tracks/0/keys = {
"handle_modes": PackedInt32Array(),
"points": PackedFloat32Array(),
"times": PackedFloat32Array()
}
tracks/1/type = "bezier"
tracks/1/imported = false
tracks/1/enabled = true
tracks/1/path = NodePath(".:position:y")
tracks/1/interp = 1
tracks/1/loop_wrap = true
tracks/1/keys = {
"handle_modes": PackedInt32Array(0, 0, 0),
"points": PackedFloat32Array(0.2, -0.25, 0, 0.25, 0, 0.3, -0.444, 0, 0, 0, 0.2, -0.08333333, 0, 0, 0),
"times": PackedFloat32Array(0, 1, 2)
}
tracks/2/type = "bezier"
tracks/2/imported = false
tracks/2/enabled = false
tracks/2/path = NodePath(".:position:z")
tracks/2/interp = 1
tracks/2/loop_wrap = true
tracks/2/keys = {
"handle_modes": PackedInt32Array(),
"points": PackedFloat32Array(),
"times": PackedFloat32Array()
}

[sub_resource type="AnimationLibrary" id="AnimationLibrary_llqyr"]
_data = {
&"RESET": SubResource("Animation_v6na3"),
&"new_animation": SubResource("Animation_aemyc")
}

[sub_resource type="Theme" id="Theme_ecyt6"]

[node name="Node3D" type="Node3D" unique_id=565278368]
process_mode = 1
script = ExtResource("1_v6na3")

[node name="Floor2" type="StaticBody3D" parent="." unique_id=2037800570]
transform = Transform3D(1, 0, 0, 0, 1, 0, 0, 0, 1, 9.872565, -0.05, 0)

[node name="CollisionShape3D" type="CollisionShape3D" parent="Floor2" unique_id=85310285]
transform = Transform3D(1, 0, 0, 0, 1, 0, 0, 0, 1, 0, 0, 0.0049328804)
shape = SubResource("BoxShape3D_6aibh")

[node name="MeshInstance3D" type="MeshInstance3D" parent="Floor2" unique_id=323122552]
mesh = SubResource("BoxMesh_0dcuh")

[node name="Floor3" type="StaticBody3D" parent="." unique_id=1964660199]
transform = Transform3D(1, 0, 0, 0, 1, 0, 0, 0, 1, 4.823659, -0.05, 6.1366615)

[node name="CollisionShape3D" type="CollisionShape3D" parent="Floor3" unique_id=229672055]
transform = Transform3D(1, 0, 0, 0, 1, 0, 0, 0, 1, 0, 0, 0.014404297)
shape = SubResource("BoxShape3D_ldbg2")

[node name="MeshInstance3D" type="MeshInstance3D" parent="Floor3" unique_id=1736472278]
mesh = SubResource("BoxMesh_0dcuh")

[node name="Walkway" type="StaticBody3D" parent="." unique_id=428128473]
transform = Transform3D(1, 0, 0, 0, 1, 0, 0, 0, 1, 3.1906266, -0.05, 0)

[node name="CollisionShape3D" type="CollisionShape3D" parent="Walkway" unique_id=1190560851]
transform = Transform3D(1, 0, 0, 0, 1, 0, 0, 0, 1, 1.8027163, 0, 0)
shape = SubResource("BoxShape3D_m4gng")

[node name="MeshInstance3D" type="MeshInstance3D" parent="Walkway" unique_id=2132755890]
transform = Transform3D(1, 0, 0, 0, 1, 0, 0, 0, 0.185, 1.8027163, 0, 0)
mesh = SubResource("BoxMesh_0dcuh")

[node name="CollisionShape3D2" type="CollisionShape3D" parent="Walkway" unique_id=1225147937]
transform = Transform3D(1, 0, 0, 0, 1, 0, 0, 0, 1, 1.7586312, 0.42390138, -0.4748591)
shape = SubResource("BoxShape3D_5ofox")
debug_color = Color(0.1246284, 0.6472696, 0, 0.41960785)

[node name="CollisionShape3D3" type="CollisionShape3D" parent="Walkway" unique_id=2054075389]
transform = Transform3D(1, 0, 0, 0, 1, 0, 0, 0, 1, 3.2023263, 0.42390138, 0.4644741)
shape = SubResource("BoxShape3D_v6na3")
debug_color = Color(0, 0.6498868, 0.13756791, 0.41960785)

[node name="CollisionShape3D4" type="CollisionShape3D" parent="Walkway" unique_id=235538682]
transform = Transform3D(1, 0, 0, 0, 1, 0, 0, 0, 1, 0.2698884, 0.42390138, 0.4644741)
shape = SubResource("BoxShape3D_aemyc")
debug_color = Color(0.25897262, 0.63460684, 0, 0.41960785)

[node name="Walkway2" type="StaticBody3D" parent="." unique_id=800805475]
transform = Transform3D(-2.8556453e-08, 0, -1, 0, 1, 0, 0.6532955, 0, -4.371139e-08, 4.9208574, -0.05446367, 0.90541553)

[node name="CollisionShape3D" type="CollisionShape3D" parent="Walkway2" unique_id=520799292]
transform = Transform3D(1, 0, 0, 0, 1, 0, 0, 0, 1, 1.8027163, 0, 0)
shape = SubResource("BoxShape3D_m4gng")

[node name="MeshInstance3D" type="MeshInstance3D" parent="Walkway2" unique_id=1006270441]
transform = Transform3D(1, 0, 0, 0, 1, 0, 0, 0, 0.185, 1.8027163, 0, 0)
mesh = SubResource("BoxMesh_0dcuh")

[node name="CollisionShape3D2" type="CollisionShape3D" parent="Walkway2" unique_id=751726410]
transform = Transform3D(1, 0, 0, 0, 1, 0, 0, 0, 1, 1.7586312, 0.42390138, -0.4748591)
shape = SubResource("BoxShape3D_5ofox")
debug_color = Color(0.1246284, 0.6472696, 0, 0.41960785)

[node name="CollisionShape3D3" type="CollisionShape3D" parent="Walkway2" unique_id=1076336259]
transform = Transform3D(1, 0, 0, 0, 1, 0, 0, 0, 1, 1.7586312, 0.42390138, 0.4644741)
shape = SubResource("BoxShape3D_5ofox")
debug_color = Color(0.1246284, 0.6472696, 0, 0.41960785)

[node name="DirectionalLight3D" type="DirectionalLight3D" parent="." unique_id=1645830469]
transform = Transform3D(0.9998541, 0.005651566, -0.016124683, 0.007813332, 0.6880338, 0.72563666, 0.01519531, -0.7256567, 0.6878892, -1.8585224, 3.0093923, 3.5889575)
shadow_enabled = true

[node name="CharacterBody3D" parent="." unique_id=1051319031 node_paths=PackedStringArray("camera") instance=ExtResource("1_h510c")]
transform = Transform3D(0.1, 0, 0, 0, 0.1, 0, 0, 0, 0.1, 0, 0.08300817, 0)
script = ExtResource("2_tpdbc")
camera = NodePath("../Camera3D")

[node name="CollisionShape3D" parent="CharacterBody3D" index="0" unique_id=112217560]
transform = Transform3D(0.99999976, 0, 7.0699e-13, 0, 0.99999976, 0, -7.0699e-13, 0, 0.99999976, 0, 2.3008585, 0)

[node name="Armature" parent="CharacterBody3D/Proto Gli 1" parent_id_path=PackedInt32Array(1051319031, 1252514508) index="0" unique_id=129420501]
transform = Transform3D(0.9999999, 0, 0, 0, 1, 0, 0, 0, 0.9999999, 0, 0, 0)

[node name="Skeleton" parent="CharacterBody3D/Proto Gli 1/Armature" index="0" unique_id=1583341441]
bones/0/position = Vector3(0.031492434, 5.268752, -0.07096976)
bones/0/rotation = Quaternion(-0.03701838, -0.36723477, -0.012618644, 0.9293057)
bones/1/rotation = Quaternion(0.050394114, 0.040303454, -0.009322502, 0.99787235)
bones/2/rotation = Quaternion(0.10053339, 0.08103316, -0.018416496, 0.9914573)
bones/3/rotation = Quaternion(0.100533366, 0.08103306, -0.01841647, 0.99145734)
bones/4/rotation = Quaternion(-0.03705208, -0.011009573, 0.0020834059, 0.99925053)
bones/5/rotation = Quaternion(-0.055218417, 0.17682132, -0.012695768, 0.9826109)
bones/8/rotation = Quaternion(0.47532243, 0.51211244, 0.49338442, -0.5180554)
bones/9/rotation = Quaternion(-0.019811071, 0.97098196, -0.20313476, 0.12465124)
bones/10/rotation = Quaternion(0.12815768, -0.8592285, 0.261108, 0.42086175)
bones/11/rotation = Quaternion(-0.018427372, 0.7291805, 0.20511366, 0.6525983)
bones/13/rotation = Quaternion(0.44479805, -0.5404331, -0.53836703, -0.46930563)
bones/14/rotation = Quaternion(0.2095733, 0.96244186, -0.17198627, 0.014336402)
bones/15/rotation = Quaternion(0.09858383, 0.8839009, -0.15391216, 0.4304783)
bones/16/rotation = Quaternion(0.15021396, -0.65497595, 0.0028111122, 0.7405637)
bones/18/rotation = Quaternion(0.06786964, 0.22041611, 0.9709364, -0.06397566)
bones/19/rotation = Quaternion(0.03979327, 0.9448481, -0.3117823, -0.09203421)
bones/20/rotation = Quaternion(-0.016068004, 0.6628882, -0.74835354, 0.016971897)
bones/21/rotation = Quaternion(0.027905613, 0.9993725, 0.02044973, -0.0075930334)
bones/24/rotation = Quaternion(-0.1245572, 0.012387877, 0.98850596, 0.084782965)
bones/25/rotation = Quaternion(0.025636517, 0.9539707, -0.28249604, -0.09735926)
bones/26/rotation = Quaternion(0.080114335, 0.5427745, -0.83232284, -0.078844115)
bones/27/rotation = Quaternion(0.003168814, 0.99986744, 0.01567884, -0.0030534496)

[node name="Hair_012" parent="CharacterBody3D/Proto Gli 1/Armature/Skeleton" index="0" unique_id=1501347838]
transform = Transform3D(0.9979379, -0.064178556, -0.0008638203, 0.062117513, 0.9691032, -0.23870564, 0.016157001, 0.2381598, 0.97109157, -0.17928164, 8.42357, 0.66064596)

[node name="Hair_013" parent="CharacterBody3D/Proto Gli 1/Armature/Skeleton" index="1" unique_id=1718185267]
transform = Transform3D(0.9979379, -0.064178556, -0.0008638203, 0.062117513, 0.9691032, -0.23870564, 0.016157001, 0.2381598, 0.97109157, -0.17928164, 8.42357, 0.66064596)

[node name="Hair_014" parent="CharacterBody3D/Proto Gli 1/Armature/Skeleton" index="2" unique_id=1567504994]
transform = Transform3D(0.9979379, -0.064178556, -0.0008638203, 0.062117513, 0.9691032, -0.23870564, 0.016157001, 0.2381598, 0.97109157, -0.17928164, 8.42357, 0.66064596)

[node name="Hair_015" parent="CharacterBody3D/Proto Gli 1/Armature/Skeleton" index="3" unique_id=1095150110]
transform = Transform3D(0.9979379, -0.064178556, -0.0008638203, 0.062117513, 0.9691032, -0.23870564, 0.016157001, 0.2381598, 0.97109157, -0.17928164, 8.42357, 0.66064596)

[node name="Hair_016" parent="CharacterBody3D/Proto Gli 1/Armature/Skeleton" index="4" unique_id=1951817366]
transform = Transform3D(0.9979379, -0.064178556, -0.0008638203, 0.062117513, 0.9691032, -0.23870564, 0.016157001, 0.2381598, 0.97109157, -0.17928164, 8.42357, 0.66064596)

[node name="Hair_017" parent="CharacterBody3D/Proto Gli 1/Armature/Skeleton" index="5" unique_id=993475829]
transform = Transform3D(0.9979379, -0.064178556, -0.0008638203, 0.062117513, 0.9691032, -0.23870564, 0.016157001, 0.2381598, 0.97109157, -0.17928164, 8.42357, 0.66064596)

[node name="Hair_018" parent="CharacterBody3D/Proto Gli 1/Armature/Skeleton" index="6" unique_id=71188072]
transform = Transform3D(0.9979379, -0.064178556, -0.0008638203, 0.062117513, 0.9691032, -0.23870564, 0.016157001, 0.2381598, 0.97109157, -0.17928164, 8.42357, 0.66064596)

[node name="Hair_019" parent="CharacterBody3D/Proto Gli 1/Armature/Skeleton" index="7" unique_id=1431423021]
transform = Transform3D(0.9979379, -0.064178556, -0.0008638203, 0.062117513, 0.9691032, -0.23870564, 0.016157001, 0.2381598, 0.97109157, -0.17928164, 8.42357, 0.66064596)

[node name="Hair_020" parent="CharacterBody3D/Proto Gli 1/Armature/Skeleton" index="8" unique_id=226118174]
transform = Transform3D(0.9979379, -0.064178556, -0.0008638203, 0.062117513, 0.9691032, -0.23870564, 0.016157001, 0.2381598, 0.97109157, -0.17928164, 8.42357, 0.66064596)

[node name="Hair_021" parent="CharacterBody3D/Proto Gli 1/Armature/Skeleton" index="9" unique_id=660899447]
transform = Transform3D(0.9979379, -0.064178556, -0.0008638203, 0.062117513, 0.9691032, -0.23870564, 0.016157001, 0.2381598, 0.97109157, -0.17928164, 8.42357, 0.66064596)

[node name="Hair_022" parent="CharacterBody3D/Proto Gli 1/Armature/Skeleton" index="10" unique_id=1161597528]
transform = Transform3D(0.9979379, -0.064178556, -0.0008638203, 0.062117513, 0.9691032, -0.23870564, 0.016157001, 0.2381598, 0.97109157, -0.17928164, 8.42357, 0.66064596)

[node name="Hair_023" parent="CharacterBody3D/Proto Gli 1/Armature/Skeleton" index="11" unique_id=2015523494]
transform = Transform3D(0.9979379, -0.064178556, -0.0008638203, 0.062117513, 0.9691032, -0.23870564, 0.016157001, 0.2381598, 0.97109157, -0.17928164, 8.42357, 0.66064596)

[node name="Hair_024" parent="CharacterBody3D/Proto Gli 1/Armature/Skeleton" index="12" unique_id=1377607862]
transform = Transform3D(0.9979379, -0.064178556, -0.0008638203, 0.062117513, 0.9691032, -0.23870564, 0.016157001, 0.2381598, 0.97109157, -0.17928164, 8.42357, 0.66064596)

[node name="Hair_025" parent="CharacterBody3D/Proto Gli 1/Armature/Skeleton" index="13" unique_id=2026231644]
transform = Transform3D(0.9979379, -0.064178556, -0.0008638203, 0.062117513, 0.9691032, -0.23870564, 0.016157001, 0.2381598, 0.97109157, -0.17928164, 8.42357, 0.66064596)

[node name="Hair_026" parent="CharacterBody3D/Proto Gli 1/Armature/Skeleton" index="14" unique_id=133000059]
transform = Transform3D(0.9979379, -0.064178556, -0.0008638203, 0.062117513, 0.9691032, -0.23870564, 0.016157001, 0.2381598, 0.97109157, -0.17928164, 8.42357, 0.66064596)

[node name="Hair_027" parent="CharacterBody3D/Proto Gli 1/Armature/Skeleton" index="15" unique_id=607935587]
transform = Transform3D(0.9979379, -0.064178556, -0.0008638203, 0.062117513, 0.9691032, -0.23870564, 0.016157001, 0.2381598, 0.97109157, -0.17928164, 8.42357, 0.66064596)

[node name="Hair_028" parent="CharacterBody3D/Proto Gli 1/Armature/Skeleton" index="16" unique_id=902069962]
transform = Transform3D(0.9979379, -0.064178556, -0.0008638203, 0.062117513, 0.9691032, -0.23870564, 0.016157001, 0.2381598, 0.97109157, -0.17928164, 8.42357, 0.66064596)

[node name="Hair_029" parent="CharacterBody3D/Proto Gli 1/Armature/Skeleton" index="17" unique_id=1361590059]
transform = Transform3D(0.9979379, -0.064178556, -0.0008638203, 0.062117513, 0.9691032, -0.23870564, 0.016157001, 0.2381598, 0.97109157, -0.17928164, 8.42357, 0.66064596)

[node name="Hair_030" parent="CharacterBody3D/Proto Gli 1/Armature/Skeleton" index="18" unique_id=1907957738]
transform = Transform3D(0.9979379, -0.064178556, -0.0008638203, 0.062117513, 0.9691032, -0.23870564, 0.016157001, 0.2381598, 0.97109157, -0.17928164, 8.42357, 0.66064596)

[node name="Hair_031" parent="CharacterBody3D/Proto Gli 1/Armature/Skeleton" index="19" unique_id=1189549378]
transform = Transform3D(0.9979379, -0.064178556, -0.0008638203, 0.062117513, 0.9691032, -0.23870564, 0.016157001, 0.2381598, 0.97109157, -0.17928164, 8.42357, 0.66064596)

[node name="Hair_031" parent="CharacterBody3D/Proto Gli 1/Armature/Skeleton/Hair_031" index="0" unique_id=1185296879]
surface_material_override/0 = null

[node name="Hair_032" parent="CharacterBody3D/Proto Gli 1/Armature/Skeleton" index="20" unique_id=516762029]
transform = Transform3D(0.9979379, -0.064178556, -0.0008638203, 0.062117513, 0.9691032, -0.23870564, 0.016157001, 0.2381598, 0.97109157, -0.17928164, 8.42357, 0.66064596)

[node name="Hair_033" parent="CharacterBody3D/Proto Gli 1/Armature/Skeleton" index="21" unique_id=1330044575]
transform = Transform3D(0.9979379, -0.064178556, -0.0008638203, 0.062117513, 0.9691032, -0.23870564, 0.016157001, 0.2381598, 0.97109157, -0.17928164, 8.42357, 0.66064596)

[node name="Hair_034" parent="CharacterBody3D/Proto Gli 1/Armature/Skeleton" index="22" unique_id=1318847236]
transform = Transform3D(0.9979379, -0.064178556, -0.0008638203, 0.062117513, 0.9691032, -0.23870564, 0.016157001, 0.2381598, 0.97109157, -0.17928164, 8.42357, 0.66064596)

[node name="Shin Guard" parent="CharacterBody3D/Proto Gli 1/Armature/Skeleton" index="31" unique_id=1479136017]
surface_material_override/0 = SubResource("StandardMaterial3D_ixbh1")

[node name="Shin Guard_001" parent="CharacterBody3D/Proto Gli 1/Armature/Skeleton" index="32" unique_id=885534767]
mesh = ExtResource("4_rdw12")

[node name="AnimationTree" type="AnimationTree" parent="CharacterBody3D/Proto Gli 1" parent_id_path=PackedInt32Array(1051319031, 1252514508) index="2" unique_id=6499145]
tree_root = SubResource("AnimationNodeStateMachine_u8cg8")
anim_player = NodePath("../AnimationPlayer")
parameters/conditions/if = false

[node name="StateMachine" type="Node" parent="CharacterBody3D" unique_id=695301425 node_paths=PackedStringArray("anim_tree", "initial_state")]
script = ExtResource("5_u8cg8")
anim_tree = NodePath("../Proto Gli 1/AnimationTree")
initial_state = NodePath("Idle")

[node name="Idle" type="Node" parent="CharacterBody3D/StateMachine" unique_id=1311751772 node_paths=PackedStringArray("move_state", "jump_state", "fall_state")]
script = ExtResource("6_ecyt6")
move_state = NodePath("../Move")
jump_state = NodePath("../Jump")
fall_state = NodePath("../Fall")

[node name="Move" type="Node" parent="CharacterBody3D/StateMachine" unique_id=820733426 node_paths=PackedStringArray("idle_state", "jump_state", "fall_state")]
script = ExtResource("7_q5bly")
idle_state = NodePath("../Idle")
jump_state = NodePath("../Jump")
fall_state = NodePath("../Fall")

[node name="Jump" type="Node" parent="CharacterBody3D/StateMachine" unique_id=135800974 node_paths=PackedStringArray("fall_state")]
script = ExtResource("8_vb42h")
fall_state = NodePath("../Fall")

[node name="Fall" type="Node" parent="CharacterBody3D/StateMachine" unique_id=571362538 node_paths=PackedStringArray("idle_state")]
script = ExtResource("9_rvbf0")
idle_state = NodePath("../Idle")

[node name="ArmSlot" type="Node3D" parent="CharacterBody3D" unique_id=1557481437]

[node name="Violin" type="MeshInstance3D" parent="CharacterBody3D/ArmSlot" unique_id=1513622243]

[node name="WoodStomp" type="MeshInstance3D" parent="CharacterBody3D/ArmSlot" unique_id=804232342]

[node name="EdgeRay" type="RayCast3D" parent="CharacterBody3D" unique_id=1467358870]

[node name="Camera3D" type="Camera3D" parent="." unique_id=313060992]
transform = Transform3D(0.74505943, 0.31480327, -0.58803517, -0.016023098, 0.8898076, 0.4560546, 0.6668056, -0.33036566, 0.6680036, -2.5279276, 1.4820173, 2.9538696)
fov = 43.153732

[node name="Camera3D2" type="Camera3D" parent="." unique_id=910820100]
transform = Transform3D(0.7051698, -0.31330425, 0.636063, -0.016023098, 0.8898076, 0.45605466, -0.7088575, -0.33178768, 0.6224453, 12.928274, 2.4859211, 2.9538696)
fov = 43.153732

[node name="Camera3D3" type="Camera3D" parent="." unique_id=430577032]
transform = Transform3D(0.98828286, 0.10430383, -0.111434914, -0.021348843, 0.8173658, 0.5757234, 0.15113324, -0.56659853, 0.8100154, 4.124914, 2.4859211, 9.663893)
fov = 43.153732

[node name="gate" parent="." unique_id=423378458 instance=ExtResource("3_tpdbc")]
transform = Transform3D(1, 0, 0, 0, 1, 0, 0, 0, 1, 2.409582, -0.024999857, -0.0058226604)

[node name="MeshInstance3D" parent="gate" index="1" unique_id=801665912]
transform = Transform3D(0.194, 0, 0, 0, 1.373, 0, 0, 0, 1.7254267, 0, 0.68688464, -1.6219236)

[node name="MeshInstance3D2" parent="gate" index="2" unique_id=388067733]
transform = Transform3D(0.194, 0, 0, 0, 1.373, 0, 0, 0, 1.7909274, 0, 0.68688464, 1.646635)

[node name="CameraSwitch" parent="." unique_id=117350085 node_paths=PackedStringArray("cam") instance=ExtResource("5_5ofox")]
transform = Transform3D(1, 0, 0, 0, 1, 0, 0, 0, 1, -0.019635677, 0, 0)
cam = NodePath("../Camera3D")

[node name="CollisionShape3D" parent="CameraSwitch" index="0" unique_id=1021442571]
transform = Transform3D(1, 0, 0, 0, 1, 0, 0, 0, 1, 0.2747414, 0.52602834, -0.047343016)

[node name="WorldEnvironment" type="WorldEnvironment" parent="." unique_id=1553710352]
environment = SubResource("Environment_5ofox")
camera_attributes = SubResource("CameraAttributesPractical_v6na3")
compositor = SubResource("Compositor_aemyc")

[node name="CameraSwitch2" parent="." unique_id=391580028 node_paths=PackedStringArray("cam") instance=ExtResource("5_5ofox")]
transform = Transform3D(-4.371139e-08, 0, -1, 0, 1, 0, 1, 0, -4.371139e-08, 4.944436, -0.052152157, 5.403447)
cam = NodePath("../Camera3D3")

[node name="CollisionShape3D" parent="CameraSwitch2" index="0" unique_id=1021442571]
transform = Transform3D(1, 0, 0, 0, 1, 0, 0, 0, 1, -0.25384712, 0.52893776, 0.05737114)
shape = SubResource("BoxShape3D_llqyr")

[node name="CameraSwitch3" parent="." unique_id=1694792008 node_paths=PackedStringArray("cam") instance=ExtResource("5_5ofox")]
transform = Transform3D(1, 0, 0, 0, 1, 0, 0, 0, 1, 9.217077, 0, -0.2617967)
cam = NodePath("../Camera3D2")

[node name="CollisionShape3D" parent="CameraSwitch3" index="0" unique_id=1021442571]
transform = Transform3D(1, 0, 0, 0, 1, 0, 0, 0, 1, -1.6502666, 0.52893776, -0.09790039)
shape = SubResource("BoxShape3D_rpvj6")

[node name="Platform" type="Node3D" parent="." unique_id=1543618645]
transform = Transform3D(1, 0, 0, 0, 1, 0, 0, 0, 1.07, 0, 0, 0)

[node name="Floor1" type="StaticBody3D" parent="Platform" unique_id=1676871611]
transform = Transform3D(1, 0, 0, 0, 1, 0, 0, 0, 1, 0, -0.05, 0)

[node name="CollisionShape3D" type="CollisionShape3D" parent="Platform/Floor1" unique_id=1564003142]
transform = Transform3D(1, 0, 0, 0, 1, 0, 0, 0, 1, 0, 0, -0.04933442)
shape = SubResource("BoxShape3D_tpdbc")

[node name="MeshInstance3D" type="MeshInstance3D" parent="Platform/Floor1" unique_id=1615762656]
transform = Transform3D(0.9999987, -0.0010809125, 0.0006210003, 0.0010791414, 0.99999833, 0.0007444854, -0.0012157756, -0.001454329, 0.5114467, -0.0003926456, -0.0017336905, -0.056934927)
material_override = ExtResource("2_p2ddc")
mesh = SubResource("BoxMesh_0dcuh")

[node name="skull" parent="." unique_id=1200212190 instance=ExtResource("6_v6na3")]
transform = Transform3D(1, 0, 0, 0, 1, 0, 0, 0, 1, -1.0749235, 0, -1.1267306)

[node name="AnimationPlayer" type="AnimationPlayer" parent="skull" unique_id=1202388766]
libraries/ = SubResource("AnimationLibrary_llqyr")
autoplay = &"new_animation"

[node name="skull2" parent="." unique_id=266748198 instance=ExtResource("6_v6na3")]
transform = Transform3D(-0.97697115, 0, 0.21337143, 0, 1, 0, -0.21337143, 0, -0.97697115, 4.9109554, 0, 7.117433)

[node name="AnimationPlayer" type="AnimationPlayer" parent="skull2" unique_id=274283023]
libraries/ = SubResource("AnimationLibrary_llqyr")
autoplay = &"new_animation"

[node name="UI Elements" type="CanvasLayer" parent="." unique_id=307038516]

[node name="Prompt" parent="UI Elements" unique_id=566110442 instance=ExtResource("7_aemyc")]
visible = false

[node name="DialBox" parent="UI Elements" unique_id=1810109422 instance=ExtResource("9_ldbg2")]
visible = false

[node name="DialogueManager" type="Node" parent="." unique_id=1088167361 node_paths=PackedStringArray("dialBox")]
script = ExtResource("8_rpvj6")
dialBox = NodePath("../UI Elements/DialBox")

[node name="PromptManager" type="Node" parent="." unique_id=359779591 node_paths=PackedStringArray("interactPrompt")]
script = ExtResource("8_llqyr")
interactPrompt = NodePath("../UI Elements/Prompt")

[node name="PauseHandler" type="Node" parent="." unique_id=923774752 node_paths=PackedStringArray("canvas")]
process_mode = 3
script = ExtResource("18_3qlte")
canvas = NodePath("../UI Elements")

[node name="InventoryUI" type="Control" parent="." unique_id=1441060688]
process_mode = 3
layout_mode = 3
anchors_preset = 15
anchor_right = 1.0
anchor_bottom = 1.0
offset_left = 301.0
offset_top = 141.0
offset_right = -277.0
offset_bottom = -252.0
grow_horizontal = 2
grow_vertical = 2
script = ExtResource("24_ecyt6")

[node name="Panel" type="Panel" parent="InventoryUI" unique_id=926965067]
layout_mode = 1
anchors_preset = 15
anchor_right = 1.0
anchor_bottom = 1.0
grow_horizontal = 2
grow_vertical = 2

[node name="GridContainer" type="GridContainer" parent="InventoryUI/Panel" unique_id=276961679]
layout_mode = 1
anchors_preset = 15
anchor_right = 1.0
anchor_bottom = 1.0
grow_horizontal = 2
grow_vertical = 2
columns = 6

[node name="Slot1" type="Button" parent="InventoryUI/Panel/GridContainer" unique_id=62996955]
custom_minimum_size = Vector2(100, 100)
layout_mode = 2
theme = SubResource("Theme_ecyt6")

[node name="Slot2" type="Button" parent="InventoryUI/Panel/GridContainer" unique_id=681665987]
custom_minimum_size = Vector2(100, 100)
layout_mode = 2
theme = SubResource("Theme_ecyt6")

[node name="Slot3" type="Button" parent="InventoryUI/Panel/GridContainer" unique_id=1651012312]
custom_minimum_size = Vector2(100, 100)
layout_mode = 2

[node name="Slot4" type="Button" parent="InventoryUI/Panel/GridContainer" unique_id=1834816584]
custom_minimum_size = Vector2(100, 100)
layout_mode = 2
theme = SubResource("Theme_ecyt6")

[node name="Slot5" type="Button" parent="InventoryUI/Panel/GridContainer" unique_id=363944740]
custom_minimum_size = Vector2(100, 100)
layout_mode = 2
theme = SubResource("Theme_ecyt6")

[node name="Slot6" type="Button" parent="InventoryUI/Panel/GridContainer" unique_id=1944058572]
custom_minimum_size = Vector2(100, 100)
layout_mode = 2
theme = SubResource("Theme_ecyt6")

[connection signal="body_entered" from="CameraSwitch" to="." method="_on_camera_switch_body_entered"]
[connection signal="body_shape_entered" from="CameraSwitch" to="." method="_on_camera_switch_body_shape_entered"]
[connection signal="switch" from="CameraSwitch" to="." method="_on_camera_switch_switch"]
[connection signal="item_selected" from="InventoryUI" to="CharacterBody3D" method="_on_inventory_ui_item_selected"]
[connection signal="pressed" from="InventoryUI/Panel/GridContainer/Slot1" to="InventoryUI" method="_on_slot_1_pressed"]
[connection signal="pressed" from="InventoryUI/Panel/GridContainer/Slot2" to="InventoryUI" method="_on_slot_2_pressed"]
[connection signal="pressed" from="InventoryUI/Panel/GridContainer/Slot3" to="InventoryUI" method="_on_slot_3_pressed"]
[connection signal="pressed" from="InventoryUI/Panel/GridContainer/Slot4" to="InventoryUI" method="_on_slot_4_pressed"]
[connection signal="pressed" from="InventoryUI/Panel/GridContainer/Slot5" to="InventoryUI" method="_on_slot_5_pressed"]
[connection signal="pressed" from="InventoryUI/Panel/GridContainer/Slot6" to="InventoryUI" method="_on_slot_6_pressed"]

[editable path="CharacterBody3D"]
[editable path="CharacterBody3D/Proto Gli 1"]
[editable path="gate"]
[editable path="CameraSwitch"]
[editable path="CameraSwitch2"]
[editable path="CameraSwitch3"]
[editable path="UI Elements/Prompt"]
