[gd_scene format=3 uid="uid://bqw8xsgx5go56"]

[ext_resource type="Texture2D" uid="uid://dfc83pm5hqos8" path="res://Textures/Sky Panorama/Panorama_Sky_17-512x512.png" id="1_vic2k"]
[ext_resource type="Material" uid="uid://dlqh37n150i1e" path="res://Textures/Paving Stones 081/PavingStones081_2K-JPG.tres" id="2_rny1y"]
[ext_resource type="Material" uid="uid://cg4gs15tqn333" path="res://Textures/Cobblestone Texture/PavingStones150_2K-JPG.tres" id="4_3hvvs"]
[ext_resource type="PackedScene" uid="uid://dcowgxvbiylrh" path="res://meshes/House1/House 1.blend" id="5_p0sxm"]
[ext_resource type="PackedScene" uid="uid://8b1xuokowhht" path="res://meshes/BookHouse/Book House 1.blend" id="6_xkex8"]
[ext_resource type="PackedScene" uid="uid://isaf14gl3en8" path="res://meshes/House1/House 2.blend" id="7_xkex8"]
[ext_resource type="Texture2D" uid="uid://2b86wae3plh8" path="res://meshes/SamGrady buildings/DIFFUSE.jpg" id="8_20bg3"]
[ext_resource type="ArrayMesh" uid="uid://dy6s1h86csg5m" path="res://meshes/SamGrady buildings/building_6.obj" id="9_5t58r"]
[ext_resource type="ArrayMesh" uid="uid://c7hs8xubxoxus" path="res://meshes/SamGrady buildings/building_1.obj" id="10_l3b7i"]
[ext_resource type="ArrayMesh" uid="uid://i3g16rqeqvpo" path="res://meshes/SamGrady buildings/building_5.obj" id="11_03pw2"]
[ext_resource type="PackedScene" uid="uid://cy4o15k7ows4u" path="res://character.tscn" id="11_20bg3"]
[ext_resource type="Script" uid="uid://b6eyd3wj6fu6d" path="res://states/statemachine.gd" id="12_4x40y"]
[ext_resource type="Script" uid="uid://6iauadqfys57" path="res://scripts/character.gd" id="12_bv03a"]
[ext_resource type="Script" uid="uid://bwlepq4swweko" path="res://states/idle_state.gd" id="13_bv03a"]
[ext_resource type="Script" uid="uid://bxuwdx87nuwsm" path="res://states/move_state.gd" id="14_m5tkt"]
[ext_resource type="Script" uid="uid://blw1v4enclq7g" path="res://states/jump_state.gd" id="15_35oox"]
[ext_resource type="Script" uid="uid://brs8yqwgni5t4" path="res://states/fall_state.gd" id="16_x4ex4"]
[ext_resource type="PackedScene" uid="uid://dtcotjhfc4ego" path="res://3rdPersonCam.tscn" id="17_ocjc5"]
[ext_resource type="Material" uid="uid://cekosn4r64uqc" path="res://Shaders/moving water.tres" id="18_fm0s0"]
[ext_resource type="PackedScene" uid="uid://btbbvoxdixc6u" path="res://interactprompt.tscn" id="18_y76e6"]
[ext_resource type="PackedScene" uid="uid://bcv71xsvoofkr" path="res://dial_box.tscn" id="19_6s336"]
[ext_resource type="Script" uid="uid://bsvbxxmkshgvi" path="res://scripts/dialogue_manager.gd" id="20_q0hrt"]
[ext_resource type="Script" uid="uid://c7wgluufenq2k" path="res://prompt_manager.gd" id="21_1f4xf"]
[ext_resource type="Script" uid="uid://chd4v2dchvucb" path="res://scripts/CameraManager.gd" id="22_6s336"]
[ext_resource type="Script" uid="uid://dr88cobc5dqk4" path="res://scene_switcher.gd" id="22_ulbni"]
[ext_resource type="Material" uid="uid://dh3t6o8pi6yk1" path="res://Textures/Paving Stones 138/PavingStones138_2K-JPG.tres" id="29_rny1y"]
[ext_resource type="AudioStream" uid="uid://bvtupefnt740t" path="res://Textures/Water/WATER_LAKE_LP.WAV" id="32_ocjc5"]
[ext_resource type="Script" uid="uid://c7rrmgfhlcpwe" path="res://street_exit.gd" id="33_7kjms"]
[ext_resource type="PackedScene" uid="uid://dipqan8dujiw1" path="res://meshes/bridge.blend" id="34_mnb84"]

[sub_resource type="PanoramaSkyMaterial" id="PanoramaSkyMaterial_p0sxm"]
panorama = ExtResource("1_vic2k")

[sub_resource type="Sky" id="Sky_e2chw"]
sky_material = SubResource("PanoramaSkyMaterial_p0sxm")

[sub_resource type="Environment" id="Environment_xkex8"]
background_mode = 2
sky = SubResource("Sky_e2chw")
sky_rotation = Vector3(0, 0.31939524, 0)
ambient_light_source = 3
ssao_enabled = true
ssil_enabled = true
sdfgi_enabled = true
sdfgi_use_occlusion = true
glow_enabled = true
glow_intensity = 0.1
volumetric_fog_enabled = true
volumetric_fog_density = 0.005

[sub_resource type="PlaneMesh" id="PlaneMesh_e1atp"]
material = ExtResource("4_3hvvs")
size = Vector2(7, 3)

[sub_resource type="BoxShape3D" id="BoxShape3D_20bg3"]
size = Vector3(7.0259247, 0.07373047, 12.963478)

[sub_resource type="PlaneMesh" id="PlaneMesh_xkex8"]
material = ExtResource("4_3hvvs")
size = Vector2(7, 3)

[sub_resource type="BoxMesh" id="BoxMesh_7efo2"]
material = ExtResource("4_3hvvs")
size = Vector3(4.98, 0.535, 2.205)

[sub_resource type="BoxShape3D" id="BoxShape3D_bibpn"]
size = Vector3(14.684759, 0.07373047, 14.368031)

[sub_resource type="StandardMaterial3D" id="StandardMaterial3D_daqx2"]
albedo_texture = ExtResource("8_20bg3")

[sub_resource type="StandardMaterial3D" id="StandardMaterial3D_4x40y"]
albedo_texture = ExtResource("8_20bg3")

[sub_resource type="BoxShape3D" id="BoxShape3D_bv03a"]
size = Vector3(20.150375, 14.102234, 20.258957)

[sub_resource type="BoxShape3D" id="BoxShape3D_35oox"]
size = Vector3(60.734283, 13.973022, 30.327374)

[sub_resource type="BoxShape3D" id="BoxShape3D_03pw2"]
size = Vector3(19.478954, 13.973022, 33.466988)

[sub_resource type="BoxShape3D" id="BoxShape3D_m5tkt"]
size = Vector3(20.20071, 13.973022, 20.121878)

[sub_resource type="BoxShape3D" id="BoxShape3D_x4ex4"]
size = Vector3(19.478954, 13.973022, 35.62501)

[sub_resource type="BoxShape3D" id="BoxShape3D_5t58r"]
size = Vector3(19.478954, 13.973022, 33.364635)

[sub_resource type="BoxShape3D" id="BoxShape3D_l3b7i"]
size = Vector3(19.478954, 13.973022, 33.466988)

[sub_resource type="BoxShape3D" id="BoxShape3D_hp7bn"]
size = Vector3(40.249676, 13.973022, 40.47746)

[sub_resource type="StandardMaterial3D" id="StandardMaterial3D_y76e6"]
albedo_texture = ExtResource("8_20bg3")

[sub_resource type="AnimationNodeAnimation" id="AnimationNodeAnimation_go3uk"]
animation = &"Idle Straight"

[sub_resource type="AnimationNodeAnimation" id="AnimationNodeAnimation_wdpcj"]
animation = &"Idle"
advance_on_start = true

[sub_resource type="AnimationNodeAnimation" id="AnimationNodeAnimation_qi5as"]
animation = &"Walk2"
advance_on_start = true

[sub_resource type="AnimationNodeStateMachineTransition" id="AnimationNodeStateMachineTransition_jb3kq"]
advance_mode = 2

[sub_resource type="AnimationNodeStateMachineTransition" id="AnimationNodeStateMachineTransition_c1b4b"]
xfade_time = 0.2
switch_mode = 1

[sub_resource type="AnimationNodeStateMachineTransition" id="AnimationNodeStateMachineTransition_7tnxx"]
xfade_time = 0.2

[sub_resource type="AnimationNodeStateMachineTransition" id="AnimationNodeStateMachineTransition_lyohd"]
advance_condition = &"if"

[sub_resource type="AnimationNodeStateMachineTransition" id="AnimationNodeStateMachineTransition_2ia7u"]

[sub_resource type="AnimationNodeStateMachineTransition" id="AnimationNodeStateMachineTransition_0fer6"]

[sub_resource type="AnimationNodeStateMachineTransition" id="AnimationNodeStateMachineTransition_aeagw"]

[sub_resource type="AnimationNodeStateMachine" id="AnimationNodeStateMachine_4x40y"]
states/Idle/node = SubResource("AnimationNodeAnimation_wdpcj")
states/Idle/position = Vector2(339.33337, 100.44444)
"states/Idle Pause/node" = SubResource("AnimationNodeAnimation_go3uk")
"states/Idle Pause/position" = Vector2(485.3333, 241.33333)
states/Walk/node = SubResource("AnimationNodeAnimation_qi5as")
states/Walk/position = Vector2(686.6667, 122.666664)
transitions = ["Start", "Idle", SubResource("AnimationNodeStateMachineTransition_jb3kq"), "Idle", "Walk", SubResource("AnimationNodeStateMachineTransition_c1b4b"), "Walk", "Idle", SubResource("AnimationNodeStateMachineTransition_7tnxx"), "Idle", "Idle Pause", SubResource("AnimationNodeStateMachineTransition_lyohd"), "Idle Pause", "Idle", SubResource("AnimationNodeStateMachineTransition_2ia7u"), "Idle Pause", "Walk", SubResource("AnimationNodeStateMachineTransition_0fer6"), "Walk", "Idle Pause", SubResource("AnimationNodeStateMachineTransition_aeagw")]
graph_offset = Vector2(68, 52)

[sub_resource type="BoxShape3D" id="BoxShape3D_p0sxm"]
size = Vector3(7.0259247, 0.07373047, 5.8036194)

[sub_resource type="BoxMesh" id="BoxMesh_rny1y"]
material = ExtResource("18_fm0s0")
size = Vector3(8.095, 2, 2.63)

[sub_resource type="BoxShape3D" id="BoxShape3D_kuj8k"]
size = Vector3(1, 2.0124512, 7.175049)

[node name="Node3D" type="Node3D" unique_id=2146142844]

[node name="DirectionalLight3D" type="DirectionalLight3D" parent="." unique_id=1958997807]
transform = Transform3D(0.25146133, 0.81347, -0.5244365, -0.3142939, 0.5811138, 0.75068367, 0.9154159, -0.023940705, 0.40179637, -2.5129166, 5.2704983, 1.8088355)
light_color = Color(1, 0.6156863, 0.5647059, 1)
shadow_enabled = true

[node name="WorldEnvironment" type="WorldEnvironment" parent="." unique_id=630282483]
environment = SubResource("Environment_xkex8")

[node name="StaticBody3D" type="StaticBody3D" parent="." unique_id=1348896226]
transform = Transform3D(1, 0, 0, 0, 1, 0, 0, 0, 1, 0.1467371, 0, 0)

[node name="MeshInstance3D" type="MeshInstance3D" parent="StaticBody3D" unique_id=1663545982]
transform = Transform3D(1, 0, 0, 0, 1, 0, 0, 0, 4.2921157, 1.4589584, 0, 1.6125505)
material_override = ExtResource("2_rny1y")
mesh = SubResource("PlaneMesh_e1atp")

[node name="CollisionShape3D" type="CollisionShape3D" parent="StaticBody3D" unique_id=769854705]
transform = Transform3D(1, 0, 0, 0, 1, 0, 0, 0, 1, 1.460736, -0.032079697, 1.6042061)
shape = SubResource("BoxShape3D_20bg3")

[node name="StaticBody3D4" type="StaticBody3D" parent="." unique_id=1801121405]
transform = Transform3D(1, 0, 0, 0, 1, 0, 0, 0, 1, 7.147219, 0, 0)

[node name="MeshInstance3D" type="MeshInstance3D" parent="StaticBody3D4" unique_id=2063847002]
transform = Transform3D(2.0998774, 0, 0, 0, 1, 0, 0, 0, 4.7789326, 2.2575727, 0, 1.6125505)
material_override = ExtResource("2_rny1y")
mesh = SubResource("PlaneMesh_xkex8")

[node name="MeshInstance3D2" type="MeshInstance3D" parent="StaticBody3D4" unique_id=1755413135]
transform = Transform3D(2.0998774, 0, 0, 0, 1, 0, 0, 0, 4.7789326, 18.599358, -0.21179855, 1.3159237)
material_override = ExtResource("2_rny1y")
mesh = SubResource("BoxMesh_7efo2")

[node name="CollisionShape3D" type="CollisionShape3D" parent="StaticBody3D4" unique_id=1055094031]
transform = Transform3D(1, 0, 0, 0, 1, 0, 0, 0, 1, 3.7966046, -0.032079697, 1.6188822)
shape = SubResource("BoxShape3D_bibpn")

[node name="StaticBody3D3" type="StaticBody3D" parent="." unique_id=1932827550]
transform = Transform3D(1, 0, 0, 0, 1, 0, 0, 0, 1, 0, 0, 4.100833)

[node name="House 2" parent="StaticBody3D3" unique_id=1020354257 instance=ExtResource("7_xkex8")]
transform = Transform3D(-0.5695091, 0, 0.023650449, 0, 0.57, 0, -0.023650449, 0, -0.5695091, 15.0397215, 1.1673372, 0.3955903)

[node name="Building6" type="MeshInstance3D" parent="StaticBody3D3" unique_id=920451963]
transform = Transform3D(0.1, 0, 0, 0, 0.1, 0, 0, 0, 0.1, 10.458129, 0.004785776, 0.49851036)
material_override = SubResource("StandardMaterial3D_daqx2")
mesh = ExtResource("9_5t58r")

[node name="Building1" type="MeshInstance3D" parent="StaticBody3D3" unique_id=1468417055]
transform = Transform3D(-0.1, 0, 8.742278e-09, 0, 0.1, 0, -8.742278e-09, 0, -0.1, 3.2785861, -0.0054212213, 0.30723763)
material_override = SubResource("StandardMaterial3D_4x40y")
mesh = ExtResource("10_l3b7i")

[node name="CollisionShape3D2" type="CollisionShape3D" parent="StaticBody3D3" unique_id=1109248895]
transform = Transform3D(0.1, 0, 0, 0, 0.1, 0, 0, 0, 0.1, 4.155925, 0.60810184, 0.34015322)
shape = SubResource("BoxShape3D_bv03a")

[node name="CollisionShape3D4" type="CollisionShape3D" parent="StaticBody3D3" unique_id=1454844825]
transform = Transform3D(0.1, 0, 0, 0, 0.1, 0, 0, 0, 0.1, 10.972105, 0.6145624, 0.4293728)
shape = SubResource("BoxShape3D_35oox")

[node name="CollisionShape3D9" type="CollisionShape3D" parent="StaticBody3D3" unique_id=451725960]
transform = Transform3D(0.09999944, 0, -0.00033336412, 0, 0.099999994, 0, 0.00033336412, 0, 0.09999944, 6.280336, 0.608999, 0.9391432)
shape = SubResource("BoxShape3D_03pw2")

[node name="Book House 3" parent="StaticBody3D3" unique_id=1179880430 instance=ExtResource("6_xkex8")]
transform = Transform3D(0.0019508228, 0, 1.3799988, 0, 1.38, 0, -1.3799988, 0, 0.0019508228, 6.0809226, -0.013784528, 1.2067184)

[node name="StaticBody3D6" type="StaticBody3D" parent="." unique_id=2022024511]

[node name="CollisionShape3D3" type="CollisionShape3D" parent="StaticBody3D6" unique_id=1593718479]
transform = Transform3D(0.1, 0, 0, 0, 0.1, 0, 0, 0, 0.1, 7.5348625, 0.6145624, -3.1139126)
shape = SubResource("BoxShape3D_m5tkt")

[node name="CollisionShape3D5" type="CollisionShape3D" parent="StaticBody3D6" unique_id=2121305534]
transform = Transform3D(0.1, 0, 0, 0, 0.1, 0, 0, 0, 0.1, 11.624414, 0.6145624, -2.8771353)
shape = SubResource("BoxShape3D_x4ex4")

[node name="CollisionShape3D7" type="CollisionShape3D" parent="StaticBody3D6" unique_id=1687745041]
transform = Transform3D(0.1, 0, 0, 0, 0.1, 0, 0, 0, 0.1, 15.44915, 0.6145624, -2.7694707)
shape = SubResource("BoxShape3D_5t58r")

[node name="CollisionShape3D9" type="CollisionShape3D" parent="StaticBody3D6" unique_id=554005071]
transform = Transform3D(0.1, 0, 0, 0, 0.1, 0, 0, 0, 0.1, 13.514774, 0.58729756, -2.772391)
shape = SubResource("BoxShape3D_5t58r")

[node name="CollisionShape3D8" type="CollisionShape3D" parent="StaticBody3D6" unique_id=98810714]
transform = Transform3D(0.1, 0, 0, 0, 0.1, 0, 0, 0, 0.1, 3.355114, 0.6145624, -0.9699874)
shape = SubResource("BoxShape3D_l3b7i")

[node name="CollisionShape3D6" type="CollisionShape3D" parent="StaticBody3D6" unique_id=1112257600]
transform = Transform3D(0.1, 0, 0, 0, 0.1, 0, 0, 0, 0.1, 8.535534, 1.6715243, -2.3998199)
shape = SubResource("BoxShape3D_hp7bn")

[node name="Building5" type="MeshInstance3D" parent="StaticBody3D6" unique_id=1866328709]
transform = Transform3D(0.1, 0, 0, 0, 0.1, 0, 0, 0, 0.1, 8.536268, 0, -2.3809476)
material_override = SubResource("StandardMaterial3D_y76e6")
mesh = ExtResource("11_03pw2")

[node name="Book House 2" parent="StaticBody3D6" unique_id=200694552 instance=ExtResource("6_xkex8")]
transform = Transform3D(0.008164875, 0, -1.379976, 0, 1.3800001, 0, 1.379976, 0, 0.008164875, 11.816201, 0.0042494535, -3.0255194)

[node name="House 3" parent="." unique_id=2014408579 instance=ExtResource("5_p0sxm")]
transform = Transform3D(0.57, 0, 0, 0, 0.57, 0, 0, 0, 0.57, 5.4394116, 1.1218916, -1.6405666)

[node name="Book House 4" parent="." unique_id=126382279 instance=ExtResource("6_xkex8")]
transform = Transform3D(0.008164875, 0, -1.379976, 0, 1.3800001, 0, 1.379976, 0, 0.008164875, 3.5527298, 0.018496156, -1.2253311)

[node name="Book House 5" parent="." unique_id=933774101 instance=ExtResource("6_xkex8")]
transform = Transform3D(0.008164875, 0, -1.379976, 0, 1.3800001, 0, 1.379976, 0, 0.008164875, 15.646698, 0.01683402, -3.049015)

[node name="Book House 6" parent="." unique_id=1295291594 instance=ExtResource("6_xkex8")]
transform = Transform3D(0.008164875, 0, -1.379976, 0, 1.3800001, 0, 1.379976, 0, 0.008164875, 13.712322, -0.010430813, -3.0519354)

[node name="CharacterBody3D" parent="." unique_id=1051319031 instance=ExtResource("11_20bg3")]
transform = Transform3D(-6.553541e-09, 2.0377797e-10, 0.15, 0.0046618967, 0.14992754, 0, -0.14992754, 0.0046618967, -6.5567085e-09, 2.2238255, 0.009902885, 1.7449)
script = ExtResource("12_bv03a")

[node name="MAsked Gli" parent="CharacterBody3D" index="1" unique_id=1915688629]
transform = Transform3D(0.42174208, 0, -0.14198107, 0, 0.445, 0, 0.14198107, 0, 0.42174208, 0, 0, 0)

[node name="Armature" parent="CharacterBody3D/MAsked Gli" index="0" unique_id=1424227123]
transform = Transform3D(0.9999999, 0, 0, 0, 1, 0, 0, 0, 0.9999999, 0, 0, 0)

[node name="Skeleton" parent="CharacterBody3D/MAsked Gli/Armature" index="0" unique_id=311386290]
bones/0/position = Vector3(0.037571907, 5.2915225, -0.032604367)
bones/0/rotation = Quaternion(-0.04046126, -0.36562976, -0.014245558, 0.9297714)
bones/1/rotation = Quaternion(0.04670409, 0.0398948, -0.008316124, 0.9980772)
bones/2/rotation = Quaternion(0.09314739, 0.08037218, -0.016496437, 0.99226594)
bones/3/rotation = Quaternion(0.09314742, 0.08037212, -0.016496424, 0.99226594)
bones/4/rotation = Quaternion(-0.014809818, -0.010700209, 0.0015515395, 0.9998319)
bones/5/rotation = Quaternion(-0.04906293, 0.17678833, -0.003745888, 0.98301816)
bones/8/rotation = Quaternion(0.46649724, 0.5159591, 0.4691239, -0.5441409)
bones/9/rotation = Quaternion(-0.013317331, 0.96837115, -0.22039583, 0.11621479)
bones/10/rotation = Quaternion(0.1431221, -0.8599885, 0.26564813, 0.41154215)
bones/11/rotation = Quaternion(0.015140517, 0.7356776, 0.16336069, 0.6571624)
bones/13/rotation = Quaternion(0.43749756, -0.54641557, -0.511228, -0.4986702)
bones/14/rotation = Quaternion(0.19438434, 0.95915866, -0.20307395, 0.03147215)
bones/15/rotation = Quaternion(0.13157131, 0.87488633, -0.15980072, 0.4378662)
bones/16/rotation = Quaternion(0.13811047, -0.6572462, 0.020110562, 0.7406407)
bones/18/rotation = Quaternion(0.06921195, 0.21062289, 0.97321635, -0.060808692)
bones/19/rotation = Quaternion(0.03895221, 0.94678587, -0.30550975, -0.09350462)
bones/20/rotation = Quaternion(-0.013727319, 0.663393, -0.74800324, 0.014572474)
bones/21/rotation = Quaternion(0.028197717, 0.99936604, 0.020144226, -0.008167734)
bones/24/rotation = Quaternion(-0.12615465, -0.0045418004, 0.9882312, 0.08639235)
bones/25/rotation = Quaternion(0.023953075, 0.9603485, -0.2600612, -0.09759734)
bones/26/rotation = Quaternion(0.08093949, 0.55211365, -0.8259256, -0.0804131)
bones/27/rotation = Quaternion(0.0033938065, 0.99986315, 0.015869854, -0.0032215384)

[node name="Hair_012" parent="CharacterBody3D/MAsked Gli/Armature/Skeleton" index="0" unique_id=1287714080]
transform = Transform3D(0.9966698, -0.08150078, -0.0026187599, 0.078306355, 0.9655763, -0.24805361, 0.022745103, 0.24702255, 0.9687428, -0.13997546, 8.463858, 0.637517)

[node name="Hair_013" parent="CharacterBody3D/MAsked Gli/Armature/Skeleton" index="1" unique_id=873901604]
transform = Transform3D(0.9966698, -0.08150078, -0.0026187599, 0.078306355, 0.9655763, -0.24805361, 0.022745103, 0.24702255, 0.9687428, -0.13997546, 8.463858, 0.637517)

[node name="Hair_014" parent="CharacterBody3D/MAsked Gli/Armature/Skeleton" index="2" unique_id=476379738]
transform = Transform3D(0.9966698, -0.08150078, -0.0026187599, 0.078306355, 0.9655763, -0.24805361, 0.022745103, 0.24702255, 0.9687428, -0.13997546, 8.463858, 0.637517)

[node name="Hair_015" parent="CharacterBody3D/MAsked Gli/Armature/Skeleton" index="3" unique_id=1497028541]
transform = Transform3D(0.9966698, -0.08150078, -0.0026187599, 0.078306355, 0.9655763, -0.24805361, 0.022745103, 0.24702255, 0.9687428, -0.13997546, 8.463858, 0.637517)

[node name="Hair_016" parent="CharacterBody3D/MAsked Gli/Armature/Skeleton" index="4" unique_id=2050593926]
transform = Transform3D(0.9966698, -0.08150078, -0.0026187599, 0.078306355, 0.9655763, -0.24805361, 0.022745103, 0.24702255, 0.9687428, -0.13997546, 8.463858, 0.637517)

[node name="Hair_017" parent="CharacterBody3D/MAsked Gli/Armature/Skeleton" index="5" unique_id=524858109]
transform = Transform3D(0.9966698, -0.08150078, -0.0026187599, 0.078306355, 0.9655763, -0.24805361, 0.022745103, 0.24702255, 0.9687428, -0.13997546, 8.463858, 0.637517)

[node name="Hair_018" parent="CharacterBody3D/MAsked Gli/Armature/Skeleton" index="6" unique_id=1687165182]
transform = Transform3D(0.9966698, -0.08150078, -0.0026187599, 0.078306355, 0.9655763, -0.24805361, 0.022745103, 0.24702255, 0.9687428, -0.13997546, 8.463858, 0.637517)

[node name="Hair_019" parent="CharacterBody3D/MAsked Gli/Armature/Skeleton" index="7" unique_id=1727726647]
transform = Transform3D(0.9966698, -0.08150078, -0.0026187599, 0.078306355, 0.9655763, -0.24805361, 0.022745103, 0.24702255, 0.9687428, -0.13997546, 8.463858, 0.637517)

[node name="Hair_020" parent="CharacterBody3D/MAsked Gli/Armature/Skeleton" index="8" unique_id=25484365]
transform = Transform3D(0.9966698, -0.08150078, -0.0026187599, 0.078306355, 0.9655763, -0.24805361, 0.022745103, 0.24702255, 0.9687428, -0.13997546, 8.463858, 0.637517)

[node name="Hair_021" parent="CharacterBody3D/MAsked Gli/Armature/Skeleton" index="9" unique_id=1073871996]
transform = Transform3D(0.9966698, -0.08150078, -0.0026187599, 0.078306355, 0.9655763, -0.24805361, 0.022745103, 0.24702255, 0.9687428, -0.13997546, 8.463858, 0.637517)

[node name="Hair_022" parent="CharacterBody3D/MAsked Gli/Armature/Skeleton" index="10" unique_id=1561061912]
transform = Transform3D(0.9966698, -0.08150078, -0.0026187599, 0.078306355, 0.9655763, -0.24805361, 0.022745103, 0.24702255, 0.9687428, -0.13997546, 8.463858, 0.637517)

[node name="Hair_023" parent="CharacterBody3D/MAsked Gli/Armature/Skeleton" index="11" unique_id=1993777387]
transform = Transform3D(0.9966698, -0.08150078, -0.0026187599, 0.078306355, 0.9655763, -0.24805361, 0.022745103, 0.24702255, 0.9687428, -0.13997546, 8.463858, 0.637517)

[node name="Hair_024" parent="CharacterBody3D/MAsked Gli/Armature/Skeleton" index="12" unique_id=232467729]
transform = Transform3D(0.9966698, -0.08150078, -0.0026187599, 0.078306355, 0.9655763, -0.24805361, 0.022745103, 0.24702255, 0.9687428, -0.13997546, 8.463858, 0.637517)

[node name="Hair_025" parent="CharacterBody3D/MAsked Gli/Armature/Skeleton" index="13" unique_id=1273808181]
transform = Transform3D(0.9966698, -0.08150078, -0.0026187599, 0.078306355, 0.9655763, -0.24805361, 0.022745103, 0.24702255, 0.9687428, -0.13997546, 8.463858, 0.637517)

[node name="Hair_026" parent="CharacterBody3D/MAsked Gli/Armature/Skeleton" index="14" unique_id=724191067]
transform = Transform3D(0.9966698, -0.08150078, -0.0026187599, 0.078306355, 0.9655763, -0.24805361, 0.022745103, 0.24702255, 0.9687428, -0.13997546, 8.463858, 0.637517)

[node name="Hair_027" parent="CharacterBody3D/MAsked Gli/Armature/Skeleton" index="15" unique_id=1791855920]
transform = Transform3D(0.9966698, -0.08150078, -0.0026187599, 0.078306355, 0.9655763, -0.24805361, 0.022745103, 0.24702255, 0.9687428, -0.13997546, 8.463858, 0.637517)

[node name="Hair_028" parent="CharacterBody3D/MAsked Gli/Armature/Skeleton" index="16" unique_id=752217555]
transform = Transform3D(0.9966698, -0.08150078, -0.0026187599, 0.078306355, 0.9655763, -0.24805361, 0.022745103, 0.24702255, 0.9687428, -0.13997546, 8.463858, 0.637517)

[node name="Hair_029" parent="CharacterBody3D/MAsked Gli/Armature/Skeleton" index="17" unique_id=1986281236]
transform = Transform3D(0.9966698, -0.08150078, -0.0026187599, 0.078306355, 0.9655763, -0.24805361, 0.022745103, 0.24702255, 0.9687428, -0.13997546, 8.463858, 0.637517)

[node name="Hair_030" parent="CharacterBody3D/MAsked Gli/Armature/Skeleton" index="18" unique_id=532791653]
transform = Transform3D(0.9966698, -0.08150078, -0.0026187599, 0.078306355, 0.9655763, -0.24805361, 0.022745103, 0.24702255, 0.9687428, -0.13997546, 8.463858, 0.637517)

[node name="Hair_031" parent="CharacterBody3D/MAsked Gli/Armature/Skeleton" index="19" unique_id=274816526]
transform = Transform3D(0.9966698, -0.08150078, -0.0026187599, 0.078306355, 0.9655763, -0.24805361, 0.022745103, 0.24702255, 0.9687428, -0.13997546, 8.463858, 0.637517)

[node name="Hair_032" parent="CharacterBody3D/MAsked Gli/Armature/Skeleton" index="20" unique_id=138949315]
transform = Transform3D(0.9966698, -0.08150078, -0.0026187599, 0.078306355, 0.9655763, -0.24805361, 0.022745103, 0.24702255, 0.9687428, -0.13997546, 8.463858, 0.637517)

[node name="Hair_033" parent="CharacterBody3D/MAsked Gli/Armature/Skeleton" index="21" unique_id=765586267]
transform = Transform3D(0.9966698, -0.08150078, -0.0026187599, 0.078306355, 0.9655763, -0.24805361, 0.022745103, 0.24702255, 0.9687428, -0.13997546, 8.463858, 0.637517)

[node name="Hair_034" parent="CharacterBody3D/MAsked Gli/Armature/Skeleton" index="22" unique_id=1974956672]
transform = Transform3D(0.9966698, -0.08150078, -0.0026187599, 0.078306355, 0.9655763, -0.24805361, 0.022745103, 0.24702255, 0.9687428, -0.13997546, 8.463858, 0.637517)

[node name="Icosphere" parent="CharacterBody3D/MAsked Gli/Armature/Skeleton" index="23" unique_id=257716365]
transform = Transform3D(0.9966698, -0.08150078, -0.0026187599, 0.078306355, 0.9655763, -0.24805361, 0.022745103, 0.24702255, 0.9687428, -0.13997546, 8.463858, 0.637517)

[node name="RightArmGraft" parent="CharacterBody3D/MAsked Gli/Armature/Skeleton" index="46" unique_id=1562468153]
transform = Transform3D(-0.091974795, -0.9401658, -0.32806826, 0.9678218, -0.16190062, 0.19263777, -0.2342257, -0.2997938, 0.92480373, -1.4325749, 6.6769285, -1.0099809)

[node name="LeftLegGraft" parent="CharacterBody3D/MAsked Gli/Armature/Skeleton" index="47" unique_id=1148643271]
transform = Transform3D(-0.8336214, -0.21522334, -0.50867873, -0.07818788, -0.8657021, 0.49441507, -0.54677397, 0.45192757, 0.70484024, 0.51598465, 4.988996, 0.459451)

[node name="ViolinPlace" parent="CharacterBody3D/MAsked Gli/Armature/Skeleton" index="48" unique_id=329092666]
transform = Transform3D(0.9416228, -0.11281648, -0.31720495, -0.017569534, 0.92443395, -0.3809374, 0.33621097, 0.36427253, 0.8684859, 0.055852853, 7.208736, 0.037487276)

[node name="AnimationTree" type="AnimationTree" parent="CharacterBody3D/MAsked Gli" index="1" unique_id=578688468]
tree_root = SubResource("AnimationNodeStateMachine_4x40y")
anim_player = NodePath("../AnimationPlayer")
parameters/conditions/if = false

[node name="StateMachine" type="Node" parent="CharacterBody3D" unique_id=1056697412 node_paths=PackedStringArray("anim_tree", "initial_state")]
script = ExtResource("12_4x40y")
anim_tree = NodePath("../MAsked Gli/AnimationTree")
initial_state = NodePath("Idle")

[node name="Idle" type="Node" parent="CharacterBody3D/StateMachine" unique_id=1122143463 node_paths=PackedStringArray("move_state", "jump_state", "fall_state")]
script = ExtResource("13_bv03a")
move_state = NodePath("../Move")
jump_state = NodePath("../Jump")
fall_state = NodePath("../Fall")

[node name="Move" type="Node" parent="CharacterBody3D/StateMachine" unique_id=1340150942 node_paths=PackedStringArray("idle_state", "jump_state", "fall_state")]
script = ExtResource("14_m5tkt")
idle_state = NodePath("../Idle")
jump_state = NodePath("../Jump")
fall_state = NodePath("../Fall")

[node name="Jump" type="Node" parent="CharacterBody3D/StateMachine" unique_id=415974232 node_paths=PackedStringArray("fall_state")]
script = ExtResource("15_35oox")
fall_state = NodePath("../Fall")

[node name="Fall" type="Node" parent="CharacterBody3D/StateMachine" unique_id=1970734466 node_paths=PackedStringArray("idle_state")]
script = ExtResource("16_x4ex4")
idle_state = NodePath("../Idle")

[node name="CameraPivot" parent="CharacterBody3D" unique_id=52364364 instance=ExtResource("17_ocjc5")]
transform = Transform3D(-0.9659258, 0, 0.25881907, 0, 1, 0, -0.25881907, 0, -0.9659258, 0, 5, 0)

[node name="SpringArm3D" parent="CharacterBody3D/CameraPivot" index="0" unique_id=780093982]
transform = Transform3D(0.9999999, 0, 0, 0, 0.9999998, 0, 0, 0, 0.9999999, 0, 0, 3.5584164)

[node name="StaticBody3D2" type="StaticBody3D" parent="." unique_id=292304798]
transform = Transform3D(1, 0, 0, 0, 1, 0, 0, 0, 1, 21.763466, 0, 0)

[node name="CollisionShape3D" type="CollisionShape3D" parent="StaticBody3D2" unique_id=1018154552]
transform = Transform3D(1, 0, 0, 0, 1, 0, 0, 0, 1, 0.0017776489, -0.032079697, 1.5013733)
shape = SubResource("BoxShape3D_p0sxm")

[node name="MeshInstance3D" type="MeshInstance3D" parent="StaticBody3D2" unique_id=29228734]
transform = Transform3D(-0.5461082, -8.742278e-08, 0, 4.7742294e-08, -1, 0, 0, 0, 4.0559435, -3.229416, -1.2258198, 1.3224888)
mesh = SubResource("BoxMesh_rny1y")

[node name="UI Elements" type="CanvasLayer" parent="." unique_id=1425335881]

[node name="Prompt" parent="UI Elements" unique_id=566110442 groups=["prompt"] instance=ExtResource("18_y76e6")]
visible = false

[node name="DialBox" parent="UI Elements" unique_id=1810109422 instance=ExtResource("19_6s336")]
visible = false

[node name="DialogueManager" type="Node" parent="." unique_id=168019390 node_paths=PackedStringArray("dialBox")]
script = ExtResource("20_q0hrt")
dialBox = NodePath("../UI Elements/DialBox")

[node name="PromptManager" type="Node" parent="." unique_id=75729951 node_paths=PackedStringArray("interactPrompt")]
script = ExtResource("21_1f4xf")
interactPrompt = NodePath("../UI Elements/Prompt")

[node name="CamMan" type="Node3D" parent="." unique_id=2011278913]
transform = Transform3D(0.1, 0, 0, 0, 0.1, 0, 0, 0, 0.1, 0, 0.08300817, 0)
script = ExtResource("22_6s336")
metadata/_custom_type_script = "uid://chd4v2dchvucb"

[node name="PauseHandler" type="Node" parent="." unique_id=1979687510 node_paths=PackedStringArray("canvas")]
process_mode = 3
script = ExtResource("22_ulbni")
canvas = NodePath("../UI Elements")

[node name="AudioStreamPlayer3D" type="AudioStreamPlayer3D" parent="." unique_id=718981562]
transform = Transform3D(1, 0, 0, 0, 1, 0, 0, 0, 1, 19.175064, 0, 0)
stream = ExtResource("32_ocjc5")

[node name="Go To Street 1" type="Area3D" parent="." unique_id=1498089822]
transform = Transform3D(0.061107915, 0.16383155, -0.98459387, -0.016862107, 0.98646605, 0.16309653, 0.99798876, 0.0066358387, 0.06304343, -3.1434155, 0.13185656, 2.2187533)
collision_mask = 2
script = ExtResource("33_7kjms")
target_street = "res://Street1.tscn"
spawn_name = "Spawn_FromStreet2"

[node name="CollisionShape3D" type="CollisionShape3D" parent="Go To Street 1" unique_id=909392335]
transform = Transform3D(-0.071306095, 0.0107153, -0.9973969, -0.085078545, 0.99623287, 0.01678526, 0.9938195, 0.086053975, -0.07012584, 0.08915377, 0.2390234, -1.4364814)
shape = SubResource("BoxShape3D_kuj8k")

[node name="Go To Street 3" type="Area3D" parent="." unique_id=1403454662]
transform = Transform3D(0.061107915, 0.16383155, -0.98459387, -0.016862107, 0.98646605, 0.16309653, 0.99798876, 0.0066358387, 0.06304343, 22.7688, 0.7936117, 1.7857087)
collision_mask = 2
script = ExtResource("33_7kjms")
target_street = "res://street 3.tscn"
spawn_name = "Spawn_FromStreet2"

[node name="CollisionShape3D" type="CollisionShape3D" parent="Go To Street 3" unique_id=1286261183]
transform = Transform3D(-0.071306095, 0.0107153, -0.9973969, -0.085078545, 0.99623287, 0.01678526, 0.9938195, 0.086053975, -0.07012584, -0.09255791, -0.24814987, 1.4913311)
shape = SubResource("BoxShape3D_kuj8k")

[node name="Spawn_FromStreet3" type="Marker3D" parent="." unique_id=2070795537]
transform = Transform3D(0.061107915, 0.16383155, -0.98459387, -0.016862107, 0.98646605, 0.16309653, 0.99798876, 0.0066358387, 0.06304343, 20.01002, 1.1052061, 1.1569836)

[node name="Spawn_FromStreet1" type="Marker3D" parent="." unique_id=909101756]
transform = Transform3D(1, 0, 0, 0, 1, 0, 0, 0, 1, 0.8142822, 0.31846362, 1.7907584)

[node name="bridge" parent="." unique_id=861458505 instance=ExtResource("34_mnb84")]
transform = Transform3D(1, 0, 0, 0, 1, 0, 0, 0, 1, 17.927734, 0.38937217, 1.126657)

[node name="Cube" parent="bridge" index="0" unique_id=253100121]
transform = Transform3D(0.31611383, 0, 0, 0, 0.3123244, 0, 0, 0, 0.3123244, 1.6964378, 0, 0)
material_override = ExtResource("29_rny1y")

[node name="CollisionShape3D" parent="bridge/Cube2" parent_id_path=PackedInt32Array(861458505, 402345966) index="0" unique_id=1421664475]
transform = Transform3D(1, 0, 0, 0, 1, 0, 0, 0, 1, -4.849655, 0, 0)

[connection signal="body_entered" from="Go To Street 1" to="Go To Street 1" method="_on_body_entered"]
[connection signal="body_entered" from="Go To Street 3" to="Go To Street 3" method="_on_body_entered"]

[editable path="CharacterBody3D"]
[editable path="CharacterBody3D/MAsked Gli/Armature/Skeleton/ViolinPlace/Violin 1"]
[editable path="CharacterBody3D/CameraPivot"]
[editable path="UI Elements/Prompt"]
[editable path="bridge"]
